$ 1 6.21272365805169e-7 0.7703437568215379 50 5 43 5e-11
v 176 288 176 112 0 2 50300 200 0 0 0.5
r 176 112 320 112 0 2200
l 320 112 320 208 0 0.001 -0.35334749351399497 0
c 400 112 400 208 4 1e-8 -225.46253216476265 0 0
w 320 112 400 112 0
w 320 208 400 208 0
w 400 112 496 112 0
w 400 208 496 208 0
w 320 208 320 288 0
w 176 288 320 288 0
g 400 208 400 240 0 0
o 0 1 0 4099 320 0.2 0 2 0 3
o 7 64 0 4099 0.0000762939453125 0.00009765625 1 2 7 3
o 6 1 0 4099 320 0.00009765625 2 2 6 3
38 0 F1 3 4 500 -1 Frequency
