$ 1 1.736111111111111e-9 10.20027730826997 50 5 43 5e-11
v 192 144 192 240 0 2 800000 5 0 0 0.5
l 192 144 288 144 0 0.000009999999999999999 0.07327446544284812 0
r 288 144 400 144 0 25
c 400 144 496 144 4 2e-9 6.793042612775515 0.001 0
c 288 144 288 240 4 1e-9 8.833811531521961 0.001 0
l 496 144 496 240 0 0.000019999999999999998 0.07548205801755425 0
w 496 240 288 240 0
w 288 240 192 240 0
r 544 144 544 240 0 100
w 496 144 544 144 0
w 496 240 544 240 0
w 544 144 576 144 0
g 288 240 288 288 0 0
o 0 16 0 4363 5 0.2 0 2 0 3 AC\sQuelle
o 11 16 0 4875 10 0.00009765625 1 2 11 3 Ausgang
38 0 F1 3 10 5000000 -1 Frequency
