$ 1 0.0000012475049900199601 10.20027730826997 50 5 46 5e-11
w 352 144 352 208 0
w 352 288 352 336 0
w 304 288 352 288 0
w 352 288 400 288 0
w 304 208 352 208 0
w 352 208 400 208 0
l 304 208 304 288 0 0.001 -0.01580342572859271 0
c 400 208 400 288 4 1e-8 -0.3870393077560209 0.001 0
O 352 144 448 144 0 0
g 352 336 352 352 0 0
r 352 512 352 432 0 2200
c 240 560 320 560 4 1e-8 -0.26398551825045957 0 0
l 240 512 320 512 0 0.001 -0.0006903970710983888 0
w 320 560 320 512 0
w 320 512 400 512 0
w 320 512 352 512 0
w 352 432 272 432 0
w 240 560 240 512 0
v 256 144 256 288 0 1 49400 5 0 0 0.5
v 224 512 224 432 0 1 17000 5 0 0 0.5
w 272 432 224 432 0
w 224 512 240 512 0
w 256 288 304 288 0
r 256 144 352 144 0 2200
w 352 432 400 432 0
w 400 288 464 288 0
g 352 432 352 400 0 0
o 8 128 0 4098 10 0.00009765625 0 1 Bandpass
o 14 128 0 4099 10 0.00009765625 1 2 14 3 Bandsperre
38 18 F1 3 15000 55000 -1 Bandpass\sFrequenz
38 19 F1 3 15000 55000 -1 Bandsperre\sFrequenz
h 1 6 7
